# [0.05708544 0.08370709 0.13474117 0.21433631 0.33739808 0.53259683
#  0.84603217 1.32776154 2.10229285 3.31431116]
5.653269091881652636e-02 -8.273239119678442444e-03 9.070136116121636088e-04 1.003143714152315152e-03 -7.888567534157791975e-04 -7.891384189529934918e-04 -9.756448148230133818e-05 -3.786429821867915856e-04 7.111567331985413560e-05 -1.140858678724094864e-05
-8.273239119678442444e-03 1.582576873575359394e-02 -4.210400451536878302e-04 2.246610213261464569e-06 8.974035427665847016e-05 -2.037899578241148728e-04 3.051730353556652274e-04 1.006153360460869379e-04 -1.057612715432547118e-04 4.499003549797240132e-05
9.070136116121636088e-04 -4.210400451536878302e-04 7.885999405614964666e-03 -9.461676129316565296e-04 -4.906444695759633323e-04 -1.466546507682099860e-04 8.945821219141143776e-05 8.623131725493968041e-05 -6.090391262683369941e-05 1.560462155581332088e-04
1.003143714152315152e-03 2.246610213261464569e-06 -9.461676129316565296e-04 3.386406582311041625e-03 1.680621261700585500e-04 -6.858727867302166943e-05 -7.371413280557103048e-05 -1.612404486152001855e-04 9.366908565823027879e-05 -4.653990504880445116e-05
-7.888567534157791975e-04 8.974035427665847016e-05 -4.906444695759633323e-04 1.680621261700585500e-04 9.631986056528190916e-04 1.256379233932882343e-05 4.892589965202252626e-05 1.632572450493391839e-05 2.391940607522341698e-05 -5.207036883794011076e-05
-7.891384189529934918e-04 -2.037899578241148728e-04 -1.466546507682099860e-04 -6.858727867302166943e-05 1.256379233932882343e-05 6.985037678892721917e-04 -3.547326104938620651e-05 3.314241509510573757e-05 -1.457339740355414557e-06 -3.353867561865230842e-05
-9.756448148230133818e-05 3.051730353556652274e-04 8.945821219141143776e-05 -7.371413280557103048e-05 4.892589965202252626e-05 -3.547326104938620651e-05 3.162582001547115779e-04 -7.174682425389908942e-06 -1.289286798642512199e-05 -2.170495379588100143e-06
-3.786429821867915856e-04 1.006153360460869379e-04 8.623131725493968041e-05 -1.612404486152001855e-04 1.632572450493391839e-05 3.314241509510573757e-05 -7.174682425389908942e-06 2.949705731806590535e-04 -4.716039846566256761e-05 -9.202294509630274312e-07
7.111567331985413560e-05 -1.057612715432547118e-04 -6.090391262683369941e-05 9.366908565823027879e-05 2.391940607522341698e-05 -1.457339740355414557e-06 -1.289286798642512199e-05 -4.716039846566256761e-05 1.770298106163151631e-04 -6.323043023325536957e-05
-1.140858678724094864e-05 4.499003549797240132e-05 1.560462155581332088e-04 -4.653990504880445116e-05 -5.207036883794011076e-05 -3.353867561865230842e-05 -2.170495379588100143e-06 -9.202294509630274312e-07 -6.323043023325536957e-05 1.240082053784155505e-04
