{
 "cells": [
  {
   "cell_type": "code",
   "execution_count": 28,
   "id": "c15bb07f-28fa-4628-b3c1-e4e5c77b7c47",
   "metadata": {},
   "outputs": [],
   "source": [
    "from sys_functions import *"
   ]
  },
  {
   "cell_type": "code",
   "execution_count": 29,
   "id": "8b090e33-a30c-4468-9f9d-ac7b2e319812",
   "metadata": {},
   "outputs": [],
   "source": [
    "import numpy as np\n",
    "import scipy as scp"
   ]
  },
  {
   "cell_type": "code",
   "execution_count": null,
   "id": "58d410a7-75d0-46ba-9d7d-f0d16147bccc",
   "metadata": {},
   "outputs": [
    {
     "name": "stdout",
     "output_type": "stream",
     "text": [
      "> \u001b[0;32m/users/PCON0003/warner785/DMASSY3/code_py3/sys_functions.py\u001b[0m(241)\u001b[0;36mchi2\u001b[0;34m()\u001b[0m\n",
      "\u001b[0;32m    239 \u001b[0;31m    \u001b[0;32mimport\u001b[0m \u001b[0mpdb\u001b[0m\u001b[0;34m\u001b[0m\u001b[0m\n",
      "\u001b[0m\u001b[0;32m    240 \u001b[0;31m    \u001b[0mpdb\u001b[0m\u001b[0;34m.\u001b[0m\u001b[0mset_trace\u001b[0m\u001b[0;34m(\u001b[0m\u001b[0;34m)\u001b[0m\u001b[0;34m\u001b[0m\u001b[0m\n",
      "\u001b[0m\u001b[0;32m--> 241 \u001b[0;31m    \u001b[0msum_chi2\u001b[0m\u001b[0;34m=\u001b[0m\u001b[0mfloat\u001b[0m\u001b[0;34m(\u001b[0m\u001b[0mchi2\u001b[0m\u001b[0;34m)\u001b[0m\u001b[0;34m\u001b[0m\u001b[0m\n",
      "\u001b[0m\u001b[0;32m    242 \u001b[0;31m    \u001b[0mchi2_reduced\u001b[0m \u001b[0;34m=\u001b[0m \u001b[0msum_chi2\u001b[0m\u001b[0;34m/\u001b[0m\u001b[0;34m(\u001b[0m\u001b[0mlen\u001b[0m\u001b[0;34m(\u001b[0m\u001b[0mnorm_number_density\u001b[0m\u001b[0;34m)\u001b[0m\u001b[0;34m-\u001b[0m\u001b[0mn\u001b[0m\u001b[0;34m)\u001b[0m\u001b[0;34m\u001b[0m\u001b[0m\n",
      "\u001b[0m\u001b[0;32m    243 \u001b[0;31m    \u001b[0;31m#else:\u001b[0m\u001b[0;34m\u001b[0m\u001b[0;34m\u001b[0m\u001b[0m\n",
      "\u001b[0m\n"
     ]
    },
    {
     "name": "stdin",
     "output_type": "stream",
     "text": [
      "ipdb>  np.linalg.det(cov)\n"
     ]
    },
    {
     "name": "stdout",
     "output_type": "stream",
     "text": [
      "2.7979461126205107e-53\n"
     ]
    }
   ],
   "source": [
    "norm_number_density = np.array([0.93599324, 0.96877778, 0.96905956, 0.99483449, 1.00275841, 1.00268377,\n",
    " 1.00295897, 1.0095021,  0.9925705,  1.01985833, 1.03513765, 1.02216575])\n",
    "x2_value = np.ones(12)\n",
    "covariance = np.array([[ 4.26331490e-04,  1.22905371e-04,  5.99853712e-05,  2.40882295e-05,\n",
    "  -3.81957334e-06, -1.76206288e-05, -2.34502968e-05, -3.02486076e-05,\n",
    "  -3.11758500e-05, -2.07741749e-05, -2.31027991e-05, -1.88768238e-05],\n",
    " [ 1.22905371e-04,  2.05542376e-04,  5.30425008e-05,  2.14131840e-05,\n",
    "  -3.86803302e-07, -8.13120625e-06, -1.80640554e-05, -2.40783929e-05,\n",
    "  -3.41191031e-05, -2.83206147e-05, -3.02822497e-05, -5.48434961e-05],\n",
    " [ 5.99853712e-05,  5.30425008e-05,  9.55184685e-05,  2.48082304e-05,\n",
    "   4.68482915e-06, -8.40587028e-06, -1.57146577e-05, -1.92546503e-05,\n",
    "  -2.65610699e-05, -2.61827937e-05, -2.97656765e-05, -3.92721791e-05],\n",
    " [ 2.40882295e-05,  2.14131840e-05,  2.48082304e-05,  5.01249997e-05,\n",
    "   8.55750332e-06, -5.23539251e-06, -1.19193541e-05, -1.54253236e-05,\n",
    "  -2.30939597e-05, -2.47146037e-05, -2.21111683e-05, -1.63889375e-05],\n",
    " [-3.81957334e-06, -3.86803302e-07,  4.68482915e-06,  8.55750332e-06,\n",
    "   3.83102718e-05,  5.38447159e-06, -7.84131905e-06, -1.57646261e-05,\n",
    "  -2.27431718e-05, -2.53844223e-05, -2.38607870e-05, -2.03209975e-05],\n",
    " [-1.76206288e-05, -8.13120625e-06, -8.40587028e-06, -5.23539251e-06,\n",
    "   5.38447159e-06,  2.92771326e-05,  1.86152342e-06, -8.41586460e-06,\n",
    "  -1.39820374e-05, -2.09676586e-05, -2.52292154e-05, -2.33104949e-05],\n",
    " [-2.34502968e-05, -1.80640554e-05, -1.57146577e-05, -1.19193541e-05,\n",
    "  -7.84131905e-06,  1.86152342e-06,  2.98257017e-05,  2.62038276e-06,\n",
    "  -2.48774962e-06, -8.26938205e-06, -1.12461596e-05, -1.51846106e-05],\n",
    " [-3.02486076e-05, -2.40783929e-05, -1.92546503e-05, -1.54253236e-05,\n",
    "  -1.57646261e-05, -8.41586460e-06,  2.62038276e-06,  4.14344646e-05,\n",
    "   1.69741115e-05,  6.22912544e-06,  4.96830425e-06,  2.05101810e-07],\n",
    " [-3.11758500e-05, -3.41191031e-05, -2.65610699e-05, -2.30939597e-05,\n",
    "  -2.27431718e-05, -1.39820374e-05, -2.48774962e-06,  1.69741115e-05,\n",
    "   7.41804747e-05,  3.52083886e-05,  2.51027354e-05,  2.08247532e-05],\n",
    " [-2.07741749e-05, -2.83206147e-05, -2.61827937e-05, -2.47146037e-05,\n",
    "  -2.53844223e-05, -2.09676586e-05, -8.26938205e-06,  6.22912544e-06,\n",
    "   3.52083886e-05,  1.32826675e-04,  7.13533396e-05,  6.01653346e-05],\n",
    " [-2.31027991e-05, -3.02822497e-05, -2.97656765e-05, -2.21111683e-05,\n",
    "  -2.38607870e-05, -2.52292154e-05, -1.12461596e-05,  4.96830425e-06,\n",
    "   2.51027354e-05,  7.13533396e-05,  2.16167545e-04,  1.41185097e-04],\n",
    " [-1.88768238e-05, -5.48434961e-05, -3.92721791e-05, -1.63889375e-05,\n",
    "  -2.03209975e-05, -2.33104949e-05, -1.51846106e-05,  2.05101810e-07,\n",
    "   2.08247532e-05,  6.01653346e-05,  1.41185097e-04,  4.44054009e-04]])\n",
    "dmass_chi2, dmass_chi2_reduced = chi2(norm_number_density, np.ones(12), None, 0, covariance)"
   ]
  },
  {
   "cell_type": "code",
   "execution_count": 27,
   "id": "39d25ef7-0dfc-4230-93c5-73de8a97d948",
   "metadata": {},
   "outputs": [
    {
     "name": "stdout",
     "output_type": "stream",
     "text": [
      "26.877442340095442 2.23978686167462\n"
     ]
    }
   ],
   "source": [
    "print(dmass_chi2, dmass_chi2_reduced)"
   ]
  },
  {
   "cell_type": "code",
   "execution_count": 15,
   "id": "140f98f4-8954-49e0-ae95-0a730ec01d56",
   "metadata": {},
   "outputs": [
    {
     "name": "stdout",
     "output_type": "stream",
     "text": [
      "[[ 4.26331490e-04  1.22905371e-04  5.99853712e-05  2.40882295e-05\n",
      "  -3.81957334e-06 -1.76206288e-05 -2.34502968e-05 -3.02486076e-05\n",
      "  -3.11758500e-05 -2.07741749e-05 -2.31027991e-05 -1.88768238e-05]\n",
      " [ 1.22905371e-04  2.05542376e-04  5.30425008e-05  2.14131840e-05\n",
      "  -3.86803302e-07 -8.13120625e-06 -1.80640554e-05 -2.40783929e-05\n",
      "  -3.41191031e-05 -2.83206147e-05 -3.02822497e-05 -5.48434961e-05]\n",
      " [ 5.99853712e-05  5.30425008e-05  9.55184685e-05  2.48082304e-05\n",
      "   4.68482915e-06 -8.40587028e-06 -1.57146577e-05 -1.92546503e-05\n",
      "  -2.65610699e-05 -2.61827937e-05 -2.97656765e-05 -3.92721791e-05]\n",
      " [ 2.40882295e-05  2.14131840e-05  2.48082304e-05  5.01249997e-05\n",
      "   8.55750332e-06 -5.23539251e-06 -1.19193541e-05 -1.54253236e-05\n",
      "  -2.30939597e-05 -2.47146037e-05 -2.21111683e-05 -1.63889375e-05]\n",
      " [-3.81957334e-06 -3.86803302e-07  4.68482915e-06  8.55750332e-06\n",
      "   3.83102718e-05  5.38447159e-06 -7.84131905e-06 -1.57646261e-05\n",
      "  -2.27431718e-05 -2.53844223e-05 -2.38607870e-05 -2.03209975e-05]\n",
      " [-1.76206288e-05 -8.13120625e-06 -8.40587028e-06 -5.23539251e-06\n",
      "   5.38447159e-06  2.92771326e-05  1.86152342e-06 -8.41586460e-06\n",
      "  -1.39820374e-05 -2.09676586e-05 -2.52292154e-05 -2.33104949e-05]\n",
      " [-2.34502968e-05 -1.80640554e-05 -1.57146577e-05 -1.19193541e-05\n",
      "  -7.84131905e-06  1.86152342e-06  2.98257017e-05  2.62038276e-06\n",
      "  -2.48774962e-06 -8.26938205e-06 -1.12461596e-05 -1.51846106e-05]\n",
      " [-3.02486076e-05 -2.40783929e-05 -1.92546503e-05 -1.54253236e-05\n",
      "  -1.57646261e-05 -8.41586460e-06  2.62038276e-06  4.14344646e-05\n",
      "   1.69741115e-05  6.22912544e-06  4.96830425e-06  2.05101810e-07]\n",
      " [-3.11758500e-05 -3.41191031e-05 -2.65610699e-05 -2.30939597e-05\n",
      "  -2.27431718e-05 -1.39820374e-05 -2.48774962e-06  1.69741115e-05\n",
      "   7.41804747e-05  3.52083886e-05  2.51027354e-05  2.08247532e-05]\n",
      " [-2.07741749e-05 -2.83206147e-05 -2.61827937e-05 -2.47146037e-05\n",
      "  -2.53844223e-05 -2.09676586e-05 -8.26938205e-06  6.22912544e-06\n",
      "   3.52083886e-05  1.32826675e-04  7.13533396e-05  6.01653346e-05]\n",
      " [-2.31027991e-05 -3.02822497e-05 -2.97656765e-05 -2.21111683e-05\n",
      "  -2.38607870e-05 -2.52292154e-05 -1.12461596e-05  4.96830425e-06\n",
      "   2.51027354e-05  7.13533396e-05  2.16167545e-04  1.41185097e-04]\n",
      " [-1.88768238e-05 -5.48434961e-05 -3.92721791e-05 -1.63889375e-05\n",
      "  -2.03209975e-05 -2.33104949e-05 -1.51846106e-05  2.05101810e-07\n",
      "   2.08247532e-05  6.01653346e-05  1.41185097e-04  4.44054009e-04]]\n",
      "[0.93599324 0.96877778 0.96905956 0.99483449 1.00275841 1.00268377\n",
      " 1.00295897 1.0095021  0.9925705  1.01985833 1.03513765 1.02216575]\n"
     ]
    }
   ],
   "source": [
    "print(covariance)\n",
    "print(norm_number_density)"
   ]
  },
  {
   "cell_type": "code",
   "execution_count": null,
   "id": "91822b04-2de7-4787-bf68-5c034a218aac",
   "metadata": {},
   "outputs": [],
   "source": []
  }
 ],
 "metadata": {
  "kernelspec": {
   "display_name": "Python (DES_env)",
   "language": "python",
   "name": "des_env"
  },
  "language_info": {
   "codemirror_mode": {
    "name": "ipython",
    "version": 3
   },
   "file_extension": ".py",
   "mimetype": "text/x-python",
   "name": "python",
   "nbconvert_exporter": "python",
   "pygments_lexer": "ipython3",
   "version": "3.7.0"
  }
 },
 "nbformat": 4,
 "nbformat_minor": 5
}
